160.149993900000 0.000000000000 100.160003700000
160.149993900000 -11.039999960000 100.160003700000
160.149993900000 -22.069999690000 100.160003700000
160.149993900000 -31.379999160000 101.470001200000
160.149993900000 -40.689998630000 102.779998800000
160.149993900000 -50.000000000000 104.089996300000
163.460006700000 -58.430000310000 104.089996300000
166.779998800000 -66.860000610000 104.089996300000
170.100006100000 -75.290000920000 104.089996300000
173.419998200000 -83.709999080000 104.089996300000
176.740005500000 -92.139999390000 104.089996300000
180.059997600000 -100.569999700000 104.089996300000
183.380004900000 -109.000000000000 104.089996300000
186.699996900000 -117.430000300000 104.089996300000
190.020004300000 -125.860000600000 104.089996300000
193.330001800000 -134.289993300000 104.089996300000
196.649993900000 -142.710006700000 104.089996300000
199.970001200000 -151.139999400000 104.089996300000
203.289993300000 -159.570007300000 104.089996300000
206.610000600000 -168.000000000000 104.089996300000
160.149993900000 11.039999960000 100.160003700000
160.149993900000 22.069999690000 100.160003700000
160.149993900000 31.379999160000 101.470001200000
160.149993900000 40.689998630000 102.779998800000
160.149993900000 50.000000000000 104.089996300000
163.460006700000 58.430000310000 104.089996300000
166.779998800000 66.860000610000 104.089996300000
170.100006100000 75.290000920000 104.089996300000
173.419998200000 83.709999080000 104.089996300000
176.740005500000 92.139999390000 104.089996300000
180.059997600000 100.569999700000 104.089996300000
183.380004900000 109.000000000000 104.089996300000
186.699996900000 117.430000300000 104.089996300000
190.020004300000 125.860000600000 104.089996300000
193.330001800000 134.289993300000 104.089996300000
196.649993900000 142.710006700000 104.089996300000
199.970001200000 151.139999400000 104.089996300000
203.289993300000 159.570007300000 104.089996300000
206.610000600000 168.000000000000 104.089996300000
176.525690450000 16.830000000000 100.160003700000
164.968487850000 45.930000000000 103.517388000000
165.456503760000 54.217500000000 104.089996300000
176.200002719498 79.490796998591 104.089996300000
176.207826980501 79.509203001410 104.089996300000
186.948476539499 104.775796998590 104.089996300000
186.956300800501 104.794203001410 104.089996300000
197.696950359499 130.060796998590 104.089996300000
197.704774620502 130.079203001409 104.089996300000
208.447210850000 155.350000000000 104.089996300000
164.968487850000 -45.930000000000 103.517388000000
176.525690450000 -16.830000000000 100.160003700000
176.200002719498 -79.490796998591 104.089996300000
165.456503760000 -54.217500000000 104.089996300000
186.948476539499 -104.775796998590 104.089996300000
176.207826980501 -79.509203001410 104.089996300000
197.696950359499 -130.060796998590 104.089996300000
186.956300800501 -104.794203001410 104.089996300000
208.447210850000 -155.350000000000 104.089996300000
197.704774620502 -130.079203001409 104.089996300000
