60.149993900000 0.000000000000 0.000000000000
60.149993900000 -11.039999960000 0.000000000000
60.149993900000 -22.069999690000 0.000000000000
60.149993900000 -31.379999160000 1.309997500000
60.149993900000 -40.689998630000 2.619995100000
60.149993900000 -50.000000000000 3.929992600000
63.460006700000 -58.430000310000 3.929992600000
66.779998800000 -66.860000610000 3.929992600000
70.100006100000 -75.290000920000 3.929992600000
73.419998200000 -83.709999080000 3.929992600000
76.740005500000 -92.139999390000 3.929992600000
80.059997600000 -100.569999700000 3.929992600000
83.380004900000 -109.000000000000 3.929992600000
86.699996900000 -117.430000300000 3.929992600000
90.020004300000 -125.860000600000 3.929992600000
93.330001800000 -134.289993300000 3.929992600000
96.649993900000 -142.710006700000 3.929992600000
99.970001200000 -151.139999400000 3.929992600000
103.289993300000 -159.570007300000 3.929992600000
106.610000600000 -168.000000000000 3.929992600000
60.149993900000 11.039999960000 0.000000000000
60.149993900000 22.069999690000 0.000000000000
60.149993900000 31.379999160000 1.309997500000
60.149993900000 40.689998630000 2.619995100000
60.149993900000 50.000000000000 3.929992600000
63.460006700000 58.430000310000 3.929992600000
66.779998800000 66.860000610000 3.929992600000
70.100006100000 75.290000920000 3.929992600000
73.419998200000 83.709999080000 3.929992600000
76.740005500000 92.139999390000 3.929992600000
80.059997600000 100.569999700000 3.929992600000
83.380004900000 109.000000000000 3.929992600000
86.699996900000 117.430000300000 3.929992600000
90.020004300000 125.860000600000 3.929992600000
93.330001800000 134.289993300000 3.929992600000
96.649993900000 142.710006700000 3.929992600000
99.970001200000 151.139999400000 3.929992600000
103.289993300000 159.570007300000 3.929992600000
106.610000600000 168.000000000000 3.929992600000
76.525690450000 16.830000000000 0.000000000000
64.968487850000 45.930000000000 3.357384300000
65.456503760000 54.217500000000 3.929992600000
76.203914850000 79.500000000000 3.929992600000
76.203914850000 79.500000000000 3.929992600000
86.952388670000 104.785000000000 3.929992600000
86.952388670000 104.785000000000 3.929992600000
97.700862490000 130.070000000000 3.929992600000
97.700862490000 130.070000000000 3.929992600000
108.447210850000 155.350000000000 3.929992600000
64.968487850000 -45.930000000000 3.357384300000
76.525690450000 -16.830000000000 0.000000000000
76.203914850000 -79.500000000000 3.929992600000
65.456503760000 -54.217500000000 3.929992600000
86.952388670000 -104.785000000000 3.929992600000
76.203914850000 -79.500000000000 3.929992600000
97.700862490000 -130.070000000000 3.929992600000
86.952388670000 -104.785000000000 3.929992600000
108.447210850000 -155.350000000000 3.929992600000
97.700862490000 -130.070000000000 3.929992600000
